,Phase Difference
0,-0.00454462359521135
1,-0.02790472923293208
2,-0.01671821545998975
3,0.026832111354807897
4,0.006084440039780481
5,0.018796664561199328
6,-0.01888636267640309
7,-0.00819073070983145
8,-0.0036471172005849706
9,-0.011660920154162757
10,-0.01370903552916758
11,0.005057377349267922
12,-0.017589330950841142
13,-0.021816733425782386
14,-0.0027025480037158323
15,0.006892408821520424
16,-0.020447265879856347
17,0.007046936208143673
18,-0.010582566365967438
19,-0.01889183795896321
20,0.02436249905597543
21,0.010428229063307204
22,-0.021361155462216286
23,0.01115205273367137
24,-0.013411747096892412
25,-0.016035234085400862
26,0.009257960061594628
27,-0.00595721586210185
28,0.02333495346198866
29,0.0011777477861217855
30,0.008415072226243825
31,-0.02563446938892633
32,-0.0016368419732147865
33,0.013897410303447044
34,-0.007405286241769948
35,-0.0062195816005017335
36,0.009054287082902568
37,-0.002380566019456798
38,0.0019541475538013
39,-0.013328822151963848
40,0.023543139392128043
41,-0.009882843360315863
42,0.02395606729456079
43,-0.0008117571580391614
44,0.004583770961193334
45,-0.010672199045699937
46,-0.013704956306022864
47,-0.009124851831819436
48,0.004521915291600953
49,0.005588456438517686
